raw-input tap live for 75 s — pages 0x0D digitizer, 0x0E haptics, 0xFF00/0xFF43 vendor
device hdev=10077: \\?\HID#VID_046D&PID_C548&MI_02&Col02#8&1ce49569&0&0001#{4d1e55b2-f16f-11cf-88cb-001111000030}
[    163ms] VID_046D&PID_C548&MI_02&Col02 len=20: 11 02 0d 20 00 50 01 00 00 00 00 00 00 00 00 00 00 00 00 00 
[    282ms] VID_046D&PID_C548&MI_02&Col02 len=20: 11 02 0d 20 00 50 00 00 00 00 00 00 00 00 00 00 00 00 00 00 
[   1107ms] VID_046D&PID_C548&MI_02&Col02 len=20: 11 02 0d 20 00 50 01 00 00 00 00 00 00 00 00 00 00 00 00 00 
[   1266ms] VID_046D&PID_C548&MI_02&Col02 len=20: 11 02 0d 20 00 50 00 00 00 00 00 00 00 00 00 00 00 00 00 00 
[   2023ms] VID_046D&PID_C548&MI_02&Col02 len=20: 11 02 0d 20 00 50 01 00 00 00 00 00 00 00 00 00 00 00 00 00 
[   2218ms] VID_046D&PID_C548&MI_02&Col02 len=20: 11 02 0d 20 00 50 00 00 00 00 00 00 00 00 00 00 00 00 00 00 
[   2713ms] VID_046D&PID_C548&MI_02&Col02 len=20: 11 02 0d 20 00 50 01 00 00 00 00 00 00 00 00 00 00 00 00 00 
[   2826ms] VID_046D&PID_C548&MI_02&Col02 len=20: 11 02 0d 20 00 50 00 00 00 00 00 00 00 00 00 00 00 00 00 00 
[   3261ms] VID_046D&PID_C548&MI_02&Col02 len=20: 11 02 0d 20 00 50 01 00 00 00 00 00 00 00 00 00 00 00 00 00 
[   3359ms] VID_046D&PID_C548&MI_02&Col02 len=20: 11 02 0d 20 00 50 00 00 00 00 00 00 00 00 00 00 00 00 00 00 
[   4116ms] VID_046D&PID_C548&MI_02&Col02 len=20: 11 02 0d 20 00 50 01 00 00 00 00 00 00 00 00 00 00 00 00 00 
[   4205ms] VID_046D&PID_C548&MI_02&Col02 len=20: 11 02 0d 20 00 50 00 00 00 00 00 00 00 00 00 00 00 00 00 00 
[   5474ms] VID_046D&PID_C548&MI_02&Col02 len=20: 11 02 0d 20 00 50 01 00 00 00 00 00 00 00 00 00 00 00 00 00 
[   5541ms] VID_046D&PID_C548&MI_02&Col02 len=20: 11 02 0d 20 00 50 00 00 00 00 00 00 00 00 00 00 00 00 00 00 
[   5623ms] VID_046D&PID_C548&MI_02&Col02 len=20: 11 02 0d 20 00 50 01 00 00 00 00 00 00 00 00 00 00 00 00 00 
[   6021ms] VID_046D&PID_C548&MI_02&Col02 len=20: 11 02 0d 20 00 50 00 00 00 00 00 00 00 00 00 00 00 00 00 00 
[   6419ms] VID_046D&PID_C548&MI_02&Col02 len=20: 11 02 0d 20 00 50 01 00 00 00 00 00 00 00 00 00 00 00 00 00 
[   6486ms] VID_046D&PID_C548&MI_02&Col02 len=20: 11 02 0d 20 00 50 00 00 00 00 00 00 00 00 00 00 00 00 00 00 
[   6568ms] VID_046D&PID_C548&MI_02&Col02 len=20: 11 02 0d 20 00 50 01 00 00 00 00 00 00 00 00 00 00 00 00 00 
[   6981ms] VID_046D&PID_C548&MI_02&Col02 len=20: 11 02 0d 20 00 50 00 00 00 00 00 00 00 00 00 00 00 00 00 00 
[   7415ms] VID_046D&PID_C548&MI_02&Col02 len=20: 11 02 0d 20 00 50 01 00 00 00 00 00 00 00 00 00 00 00 00 00 
[   7475ms] VID_046D&PID_C548&MI_02&Col02 len=20: 11 02 0d 20 00 50 00 00 00 00 00 00 00 00 00 00 00 00 00 00 
[   7850ms] VID_046D&PID_C548&MI_02&Col02 len=20: 11 02 0d 20 00 50 01 00 00 00 00 00 00 00 00 00 00 00 00 00 
[   7963ms] VID_046D&PID_C548&MI_02&Col02 len=20: 11 02 0d 20 00 50 00 00 00 00 00 00 00 00 00 00 00 00 00 00 
[   8308ms] VID_046D&PID_C548&MI_02&Col02 len=20: 11 02 0d 20 00 50 01 00 00 00 00 00 00 00 00 00 00 00 00 00 
[   8420ms] VID_046D&PID_C548&MI_02&Col02 len=20: 11 02 0d 20 00 50 00 00 00 00 00 00 00 00 00 00 00 00 00 00 
[   8990ms] VID_046D&PID_C548&MI_02&Col02 len=20: 11 02 0d 20 00 50 01 00 00 00 00 00 00 00 00 00 00 00 00 00 
device hdev=10094f: \\?\HID#VID_046D&PID_C539&MI_02&Col01#7&2071e0a2&0&0000#{4d1e55b2-f16f-11cf-88cb-001111000030}
[   9000ms] VID_046D&PID_C539&MI_02&Col01 len=7: 10 ff 81 00 00 01 00 
[   9001ms] VID_046D&PID_C539&MI_02&Col01 len=7: 10 ff 81 00 00 01 00 
device hdev=1006f: \\?\HID#VID_046D&PID_C548&MI_02&Col01#8&1ce49569&0&0000#{4d1e55b2-f16f-11cf-88cb-001111000030}
[   9001ms] VID_046D&PID_C548&MI_02&Col01 len=7: 10 ff 81 00 00 09 00 
[   9003ms] VID_046D&PID_C539&MI_02&Col01 len=7: 10 ff 81 02 00 01 00 
[   9004ms] VID_046D&PID_C548&MI_02&Col01 len=7: 10 ff 81 00 00 09 00 
[   9005ms] VID_046D&PID_C539&MI_02&Col01 len=7: 10 01 41 0c 62 79 40 
[   9006ms] VID_046D&PID_C539&MI_02&Col01 len=7: 10 ff 80 02 00 00 00 
[   9011ms] VID_046D&PID_C548&MI_02&Col01 len=7: 10 ff 81 02 00 01 00 
[   9019ms] VID_046D&PID_C548&MI_02&Col01 len=7: 10 02 41 10 02 42 b0 
[   9021ms] VID_046D&PID_C548&MI_02&Col01 len=7: 10 ff 80 02 00 00 00 
device hdev=1006b: \\?\HID#VID_046D&PID_C339&MI_01&Col03#9&17be02e2&0&0002#{4d1e55b2-f16f-11cf-88cb-001111000030}
[   9027ms] VID_046D&PID_C339&MI_01&Col03 len=20: 11 ff 00 1c 04 02 39 00 00 00 00 00 00 00 00 00 00 00 00 00 
[   9029ms] VID_046D&PID_C339&MI_01&Col03 len=20: 11 ff 02 0c 02 35 31 47 07 00 08 c3 39 00 00 00 00 04 00 00 
[   9032ms] VID_046D&PID_C339&MI_01&Col03 len=20: 11 ff 02 1c 00 55 31 20 13 04 00 19 01 c3 39 00 00 00 00 00 
[   9035ms] VID_046D&PID_C339&MI_01&Col03 len=20: 11 ff 02 1c 00 55 31 20 13 04 00 19 01 c3 39 00 00 00 00 00 
[   9038ms] VID_046D&PID_C339&MI_01&Col03 len=20: 11 ff ff 02 2c 07 00 00 00 00 00 00 00 00 00 00 00 00 00 00 
[   9052ms] VID_046D&PID_C339&MI_01&Col03 len=20: 11 ff ff 02 2c 07 00 00 00 00 00 00 00 00 00 00 00 00 00 00 
[   9056ms] VID_046D&PID_C339&MI_01&Col03 len=20: 11 ff 02 0c 02 35 31 47 07 00 08 c3 39 00 00 00 00 04 00 00 
[   9058ms] VID_046D&PID_C339&MI_01&Col03 len=20: 11 ff 02 1c 00 55 31 20 13 04 00 19 01 c3 39 00 00 00 00 00 
[   9061ms] VID_046D&PID_C339&MI_01&Col03 len=20: 11 ff 02 1c 00 55 31 20 13 04 00 19 01 c3 39 00 00 00 00 00 
[   9064ms] VID_046D&PID_C339&MI_01&Col03 len=20: 11 ff 02 1c 01 42 4f 54 14 00 c4 b1 00 aa d0 00 00 00 00 00 
[   9066ms] VID_046D&PID_C539&MI_02&Col01 len=7: 10 ff 8f 00 1c 01 00 
device hdev=27909d3: \\?\HID#VID_046D&PID_C539&MI_02&Col02#7&2071e0a2&0&0001#{4d1e55b2-f16f-11cf-88cb-001111000030}
[   9069ms] VID_046D&PID_C539&MI_02&Col02 len=20: 11 ff 83 b5 03 4b f5 94 dc 01 01 07 00 00 00 00 00 00 00 00 
[   9071ms] VID_046D&PID_C539&MI_02&Col01 len=7: 10 ff 81 f1 01 39 06 
[   9073ms] VID_046D&PID_C539&MI_02&Col01 len=7: 10 ff 81 f1 02 00 40 
[   9089ms] VID_046D&PID_C539&MI_02&Col02 len=20: 11 ff 83 b5 40 06 47 20 50 72 6f 20 00 00 00 00 00 00 00 00 
[   9093ms] VID_046D&PID_C548&MI_02&Col01 len=7: 10 ff 8f 00 1c 01 00 
[   9096ms] VID_046D&PID_C548&MI_02&Col02 len=20: 11 ff 83 fb 39 37 42 37 36 39 34 38 41 38 34 36 43 35 35 41 
[   9098ms] VID_046D&PID_C548&MI_02&Col02 len=20: 11 ff 83 f4 01 30 01 00 10 6e 3d 3d a0 00 00 00 00 00 00 00 
[   9101ms] VID_046D&PID_C548&MI_02&Col02 len=20: 11 ff 83 f4 00 05 05 00 30 18 6a 26 ba 00 00 00 00 00 00 00 
[   9102ms] VID_046D&PID_C548&MI_02&Col02 len=20: 11 ff 83 f4 05 00 00 01 3e 00 00 00 00 00 00 00 00 00 00 00 
[   9105ms] VID_046D&PID_C548&MI_02&Col02 len=20: 11 ff 83 f4 02 00 03 00 00 00 00 00 00 00 00 00 00 00 00 00 
[   9108ms] VID_046D&PID_C548&MI_02&Col01 len=7: 10 ff 8f 83 f4 0b 00 
[   9110ms] VID_046D&PID_C548&MI_02&Col02 len=20: 11 ff 83 f5 00 00 00 00 00 00 00 00 00 00 00 00 00 00 00 00 
[   9112ms] VID_046D&PID_C548&MI_02&Col02 len=20: 11 ff 83 fc 03 01 00 00 00 00 00 00 00 00 00 00 00 00 00 00 
[   9125ms] VID_046D&PID_C548&MI_02&Col02 len=20: 11 02 0d 20 00 50 00 00 00 00 00 00 00 00 00 00 00 00 00 00 
[  12710ms] VID_046D&PID_C548&MI_02&Col02 len=20: 11 02 0d 20 00 50 01 00 00 00 00 00 00 00 00 00 00 00 00 00 
[  12785ms] VID_046D&PID_C548&MI_02&Col02 len=20: 11 02 0d 20 00 50 00 00 00 00 00 00 00 00 00 00 00 00 00 00 
[  13739ms] VID_046D&PID_C548&MI_02&Col02 len=20: 11 02 0d 20 00 50 01 00 00 00 00 00 00 00 00 00 00 00 00 00 
[  13829ms] VID_046D&PID_C548&MI_02&Col02 len=20: 11 02 0d 20 00 50 00 00 00 00 00 00 00 00 00 00 00 00 00 00 
[  15531ms] VID_046D&PID_C548&MI_02&Col02 len=20: 11 02 0d 20 00 50 01 00 00 00 00 00 00 00 00 00 00 00 00 00 
[  15605ms] VID_046D&PID_C548&MI_02&Col02 len=20: 11 02 0d 20 00 50 00 00 00 00 00 00 00 00 00 00 00 00 00 00 
[  16754ms] VID_046D&PID_C548&MI_02&Col02 len=20: 11 02 0d 20 00 50 01 00 00 00 00 00 00 00 00 00 00 00 00 00 
[  16829ms] VID_046D&PID_C548&MI_02&Col02 len=20: 11 02 0d 20 00 50 00 00 00 00 00 00 00 00 00 00 00 00 00 00 
[  17871ms] VID_046D&PID_C548&MI_02&Col02 len=20: 11 02 0d 20 00 50 01 00 00 00 00 00 00 00 00 00 00 00 00 00 
[  17930ms] VID_046D&PID_C548&MI_02&Col02 len=20: 11 02 0d 20 00 50 00 00 00 00 00 00 00 00 00 00 00 00 00 00 
[  18576ms] VID_046D&PID_C548&MI_02&Col02 len=20: 11 02 0d 20 00 50 01 00 00 00 00 00 00 00 00 00 00 00 00 00 
[  18636ms] VID_046D&PID_C548&MI_02&Col02 len=20: 11 02 0d 20 00 50 00 00 00 00 00 00 00 00 00 00 00 00 00 00 
[  19888ms] VID_046D&PID_C548&MI_02&Col02 len=20: 11 02 0d 20 00 50 01 00 00 00 00 00 00 00 00 00 00 00 00 00 
[  20000ms] VID_046D&PID_C548&MI_02&Col02 len=20: 11 02 0d 20 00 50 00 00 00 00 00 00 00 00 00 00 00 00 00 00 
[  20624ms] VID_046D&PID_C548&MI_02&Col02 len=20: 11 02 0d 20 00 50 01 00 00 00 00 00 00 00 00 00 00 00 00 00 
[  20728ms] VID_046D&PID_C548&MI_02&Col02 len=20: 11 02 0d 20 00 50 00 00 00 00 00 00 00 00 00 00 00 00 00 00 
[  21261ms] VID_046D&PID_C548&MI_02&Col02 len=20: 11 02 0d 20 00 50 01 00 00 00 00 00 00 00 00 00 00 00 00 00 
[  21366ms] VID_046D&PID_C548&MI_02&Col02 len=20: 11 02 0d 20 00 50 00 00 00 00 00 00 00 00 00 00 00 00 00 00 
[  21936ms] VID_046D&PID_C548&MI_02&Col02 len=20: 11 02 0d 20 00 50 01 00 00 00 00 00 00 00 00 00 00 00 00 00 
[  22041ms] VID_046D&PID_C548&MI_02&Col02 len=20: 11 02 0d 20 00 50 00 00 00 00 00 00 00 00 00 00 00 00 00 00 
[  22971ms] VID_046D&PID_C548&MI_02&Col02 len=20: 11 02 0d 20 00 50 01 00 00 00 00 00 00 00 00 00 00 00 00 00 
[  23046ms] VID_046D&PID_C548&MI_02&Col02 len=20: 11 02 0d 20 00 50 00 00 00 00 00 00 00 00 00 00 00 00 00 00 
[  24929ms] VID_046D&PID_C548&MI_02&Col02 len=20: 11 02 0d 20 00 50 01 00 00 00 00 00 00 00 00 00 00 00 00 00 
[  26999ms] VID_046D&PID_C548&MI_02&Col02 len=20: 11 02 0d 20 00 50 00 00 00 00 00 00 00 00 00 00 00 00 00 00 
[  27741ms] VID_046D&PID_C548&MI_02&Col02 len=20: 11 02 0d 20 00 50 01 00 00 00 00 00 00 00 00 00 00 00 00 00 
[  28289ms] VID_046D&PID_C548&MI_02&Col02 len=20: 11 02 0d 20 00 50 00 00 00 00 00 00 00 00 00 00 00 00 00 00 
[  32470ms] VID_046D&PID_C548&MI_02&Col02 len=20: 11 ff 83 f5 00 00 00 00 00 00 00 00 00 00 00 00 00 00 00 00 
[  32473ms] VID_046D&PID_C548&MI_02&Col02 len=20: 11 ff 83 f5 00 00 00 00 00 00 00 00 00 00 00 00 00 00 00 00 
[  32476ms] VID_046D&PID_C548&MI_02&Col02 len=20: 11 ff 83 fb 39 37 42 37 36 39 34 38 41 38 34 36 43 35 35 41 
[  32479ms] VID_046D&PID_C548&MI_02&Col02 len=20: 11 ff 83 f4 01 30 01 00 10 6e 3d 3d a0 00 00 00 00 00 00 00 
[  32482ms] VID_046D&PID_C548&MI_02&Col02 len=20: 11 ff 83 f4 00 05 05 00 30 18 6a 26 ba 00 00 00 00 00 00 00 
[  32486ms] VID_046D&PID_C548&MI_02&Col02 len=20: 11 ff 83 f4 05 00 00 01 3e 00 00 00 00 00 00 00 00 00 00 00 
[  32487ms] VID_046D&PID_C548&MI_02&Col02 len=20: 11 ff 83 f4 02 00 03 00 00 00 00 00 00 00 00 00 00 00 00 00 
[  32491ms] VID_046D&PID_C548&MI_02&Col01 len=7: 10 ff 8f 83 f4 0b 00 
[  32510ms] VID_046D&PID_C548&MI_02&Col02 len=20: 11 02 00 1c 04 05 39 00 00 00 00 00 00 00 00 00 00 00 00 00 
[  32534ms] VID_046D&PID_C548&MI_02&Col02 len=20: 11 02 02 0c 04 12 c1 78 4d 00 02 b0 42 00 00 00 00 01 01 00 
[  32556ms] VID_046D&PID_C548&MI_02&Col02 len=20: 11 02 02 1c 00 52 42 4d 27 03 00 19 05 b0 42 03 ce 08 d8 00 
[  32579ms] VID_046D&PID_C548&MI_02&Col02 len=20: 11 02 02 1c 01 4c 44 00 04 00 00 00 00 00 00 64 2b a1 a1 00 
[  32601ms] VID_046D&PID_C548&MI_02&Col02 len=20: 11 02 02 1c 00 52 42 4d 27 00 00 15 00 b0 42 f2 1a 37 9a 00 
[  32616ms] VID_046D&PID_C548&MI_02&Col02 len=20: 11 02 02 1c 00 52 42 4d 27 03 00 19 05 b0 42 03 ce 08 d8 00 
[  32645ms] VID_046D&PID_C548&MI_02&Col02 len=20: 11 02 02 1c 01 4c 44 00 04 00 00 00 00 00 00 64 2b a1 a1 00 
[  32661ms] VID_046D&PID_C548&MI_02&Col02 len=20: 11 02 0d 20 00 50 01 00 00 00 00 00 00 00 00 00 00 00 00 00 
[  32675ms] VID_046D&PID_C548&MI_02&Col02 len=20: 11 02 02 1c 00 52 42 4d 27 00 00 15 00 b0 42 f2 1a 37 9a 00 
[  32699ms] VID_046D&PID_C548&MI_02&Col02 len=20: 11 02 02 1c 00 52 42 4d 27 03 00 19 05 b0 42 03 ce 08 d8 00 
[  32729ms] VID_046D&PID_C548&MI_02&Col02 len=20: 11 02 0e 0c 03 00 00 00 00 00 00 00 00 00 00 00 00 00 00 00 
[  32743ms] VID_046D&PID_C548&MI_02&Col02 len=20: 11 02 06 0c 0d 33 21 0b e2 5e 89 8a b5 66 aa 24 cf f7 60 db 
[  32765ms] VID_046D&PID_C548&MI_02&Col02 len=20: 11 02 06 1c b2 c0 e0 33 ff f1 fb c7 19 47 5b 71 f8 79 a1 22 
[  32778ms] VID_046D&PID_C548&MI_02&Col02 len=20: 11 ff 83 b5 52 02 42 b0 12 c1 78 4d 02 01 80 14 01 00 00 00 
[  32804ms] VID_046D&PID_C548&MI_02&Col02 len=20: 11 02 02 0c 04 12 c1 78 4d 00 02 b0 42 00 00 00 00 01 01 00 
[  32826ms] VID_046D&PID_C548&MI_02&Col02 len=20: 11 02 02 1c 01 4c 44 00 04 00 00 00 00 00 00 64 2b a1 a1 00 
[  32849ms] VID_046D&PID_C548&MI_02&Col02 len=20: 11 02 02 1c 00 52 42 4d 27 00 00 15 00 b0 42 f2 1a 37 9a 00 
[  32871ms] VID_046D&PID_C548&MI_02&Col02 len=20: 11 02 02 1c 00 52 42 4d 27 03 00 19 05 b0 42 03 ce 08 d8 00 
[  32893ms] VID_046D&PID_C548&MI_02&Col02 len=20: 11 02 02 1c 01 4c 44 00 04 00 00 00 00 00 00 64 2b a1 a1 00 
[  32915ms] VID_046D&PID_C548&MI_02&Col02 len=20: 11 02 02 1c 00 52 42 4d 27 00 00 15 00 b0 42 f2 1a 37 9a 00 
[  32939ms] VID_046D&PID_C548&MI_02&Col02 len=20: 11 02 02 1c 00 52 42 4d 27 03 00 19 05 b0 42 03 ce 08 d8 00 
[  32961ms] VID_046D&PID_C548&MI_02&Col02 len=20: 11 02 02 1c 02 48 57 00 00 00 00 00 00 00 00 00 00 00 00 00 
[  32983ms] VID_046D&PID_C548&MI_02&Col02 len=20: 11 02 0a 0c 01 00 0a 00 00 00 00 00 00 00 00 00 00 00 00 00 
[  33006ms] VID_046D&PID_C548&MI_02&Col02 len=20: 11 02 16 0c 07 00 00 00 00 00 00 00 00 00 00 00 00 00 00 00 
[  33062ms] VID_046D&PID_C339&MI_01&Col03 len=20: 11 ff ff 02 2c 07 00 00 00 00 00 00 00 00 00 00 00 00 00 00 
[  33066ms] VID_046D&PID_C339&MI_01&Col03 len=20: 11 ff ff 02 2c 07 00 00 00 00 00 00 00 00 00 00 00 00 00 00 
[  33076ms] VID_046D&PID_C539&MI_02&Col02 len=20: 11 ff 83 b5 03 4b f5 94 dc 01 01 07 00 00 00 00 00 00 00 00 
[  33079ms] VID_046D&PID_C539&MI_02&Col01 len=7: 10 ff 8f 83 f5 02 00 
[  33094ms] VID_046D&PID_C548&MI_02&Col02 len=20: 11 ff 83 fb 39 37 42 37 36 39 34 38 41 38 34 36 43 35 35 41 
[  33099ms] VID_046D&PID_C548&MI_02&Col02 len=20: 11 ff 83 f5 00 00 00 00 00 00 00 00 00 00 00 00 00 00 00 00 
[  33119ms] VID_046D&PID_C548&MI_02&Col02 len=20: 11 02 09 0c 0f 03 00 00 00 00 00 00 00 00 00 00 00 00 00 00 
[  33148ms] VID_046D&PID_C548&MI_02&Col02 len=20: 11 02 0d 20 00 50 00 00 00 00 00 00 00 00 00 00 00 00 00 00 
[  33218ms] VID_046D&PID_C548&MI_02&Col02 len=20: 11 ff 83 f4 01 30 01 00 10 6e 3d 3d a0 00 00 00 00 00 00 00 
[  33220ms] VID_046D&PID_C548&MI_02&Col02 len=20: 11 ff 83 f4 00 05 05 00 30 18 6a 26 ba 00 00 00 00 00 00 00 
[  33222ms] VID_046D&PID_C548&MI_02&Col02 len=20: 11 ff 83 f4 05 00 00 01 3e 00 00 00 00 00 00 00 00 00 00 00 
[  33225ms] VID_046D&PID_C548&MI_02&Col02 len=20: 11 ff 83 f4 02 00 03 00 00 00 00 00 00 00 00 00 00 00 00 00 
[  33228ms] VID_046D&PID_C548&MI_02&Col01 len=7: 10 ff 8f 83 f4 0b 00 
[  33230ms] VID_046D&PID_C548&MI_02&Col02 len=20: 11 ff 83 f4 01 30 01 00 10 6e 3d 3d a0 00 00 00 00 00 00 00 
[  33232ms] VID_046D&PID_C548&MI_02&Col02 len=20: 11 ff 83 f4 00 05 05 00 30 18 6a 26 ba 00 00 00 00 00 00 00 
[  33235ms] VID_046D&PID_C548&MI_02&Col02 len=20: 11 ff 83 f4 05 00 00 01 3e 00 00 00 00 00 00 00 00 00 00 00 
[  33237ms] VID_046D&PID_C548&MI_02&Col02 len=20: 11 ff 83 f4 02 00 03 00 00 00 00 00 00 00 00 00 00 00 00 00 
[  33240ms] VID_046D&PID_C548&MI_02&Col01 len=7: 10 ff 8f 83 f4 0b 00 
[  33243ms] VID_046D&PID_C548&MI_02&Col02 len=20: 11 ff 83 f4 01 30 01 00 10 6e 3d 3d a0 00 00 00 00 00 00 00 
[  33244ms] VID_046D&PID_C548&MI_02&Col02 len=20: 11 ff 83 f4 00 05 05 00 30 18 6a 26 ba 00 00 00 00 00 00 00 
[  33246ms] VID_046D&PID_C548&MI_02&Col02 len=20: 11 ff 83 f4 05 00 00 01 3e 00 00 00 00 00 00 00 00 00 00 00 
[  33250ms] VID_046D&PID_C548&MI_02&Col02 len=20: 11 ff 83 f4 02 00 03 00 00 00 00 00 00 00 00 00 00 00 00 00 
[  33252ms] VID_046D&PID_C548&MI_02&Col01 len=7: 10 ff 8f 83 f4 0b 00 
[  33256ms] VID_046D&PID_C548&MI_02&Col02 len=20: 11 ff 83 f4 01 30 01 00 10 6e 3d 3d a0 00 00 00 00 00 00 00 
[  33259ms] VID_046D&PID_C548&MI_02&Col02 len=20: 11 ff 83 f4 00 05 05 00 30 18 6a 26 ba 00 00 00 00 00 00 00 
[  33262ms] VID_046D&PID_C548&MI_02&Col02 len=20: 11 ff 83 f4 05 00 00 01 3e 00 00 00 00 00 00 00 00 00 00 00 
[  33265ms] VID_046D&PID_C548&MI_02&Col02 len=20: 11 ff 83 f4 02 00 03 00 00 00 00 00 00 00 00 00 00 00 00 00 
[  33267ms] VID_046D&PID_C548&MI_02&Col01 len=7: 10 ff 8f 83 f4 0b 00 
[  33271ms] VID_046D&PID_C548&MI_02&Col02 len=20: 11 ff 83 fc 03 01 00 00 00 00 00 00 00 00 00 00 00 00 00 00 
[  33913ms] VID_046D&PID_C548&MI_02&Col02 len=20: 11 02 13 0c 00 14 00 78 00 03 03 e8 00 00 00 00 00 00 00 00 
[  33935ms] VID_046D&PID_C548&MI_02&Col02 len=20: 11 02 13 1c 01 00 00 00 00 00 00 00 00 00 00 00 00 00 00 00 
[  33950ms] VID_046D&PID_C548&MI_02&Col02 len=20: 11 02 11 0c 01 0a 4b 0e 00 00 00 00 00 00 00 00 00 00 00 00 
[  33965ms] VID_046D&PID_C548&MI_02&Col02 len=20: 11 02 12 3c 01 00 00 00 00 00 00 00 00 00 00 00 00 00 00 00 
[  33980ms] VID_046D&PID_C548&MI_02&Col02 len=20: 11 02 12 1c 00 00 00 00 00 00 00 00 00 00 00 00 00 00 00 00 
[  33996ms] VID_046D&PID_C548&MI_02&Col02 len=20: 11 02 14 2c 00 03 e8 03 e8 00 00 00 00 00 00 00 00 00 00 00 
[  34019ms] VID_046D&PID_C548&MI_02&Col02 len=20: 11 02 0e 2c 00 00 00 00 00 00 00 00 00 00 00 00 00 00 00 00 
[  34034ms] VID_046D&PID_C548&MI_02&Col02 len=20: 11 02 0e 0c 03 00 00 00 00 00 00 00 00 00 00 00 00 00 00 00 
[  34049ms] VID_046D&PID_C548&MI_02&Col02 len=20: 11 02 0e 0c 03 00 00 00 00 00 00 00 00 00 00 00 00 00 00 00 
[  34139ms] VID_046D&PID_C548&MI_02&Col01 len=7: 10 ff 81 00 00 09 00 
[  34153ms] VID_046D&PID_C548&MI_02&Col02 len=20: 11 02 05 0c 36 8f 00 00 00 00 00 00 00 00 00 00 00 00 00 00 
[  34168ms] VID_046D&PID_C548&MI_02&Col02 len=20: 11 02 05 1c 00 00 00 00 00 00 00 00 00 00 00 00 00 00 00 00 
[  34184ms] VID_046D&PID_C548&MI_02&Col02 len=20: 11 02 05 1c 00 2a 00 00 00 00 00 00 00 00 00 00 00 00 00 00 
[  34199ms] VID_046D&PID_C548&MI_02&Col02 len=20: 11 02 0d 3c 00 52 22 00 52 0b 00 00 00 00 00 00 00 00 00 00 
[  34220ms] VID_046D&PID_C548&MI_02&Col02 len=20: 11 02 0d 3c 00 53 22 00 53 0b 00 00 00 00 00 00 00 00 00 00 
[  34235ms] VID_046D&PID_C548&MI_02&Col02 len=20: 11 02 0d 3c 00 56 22 00 56 0b 00 00 00 00 00 00 00 00 00 00 
[  34250ms] VID_046D&PID_C548&MI_02&Col02 len=20: 11 02 0d 3c 00 c3 22 00 c3 0b 00 00 00 00 00 00 00 00 00 00 
[  34274ms] VID_046D&PID_C548&MI_02&Col02 len=20: 11 02 0d 3c 00 c4 22 00 c4 0b 00 00 00 00 00 00 00 00 00 00 
[  34295ms] VID_046D&PID_C548&MI_02&Col02 len=20: 11 02 0d 3c 01 a0 22 01 a0 0b 00 00 00 00 00 00 00 00 00 00 
[  34319ms] VID_046D&PID_C548&MI_02&Col02 len=20: 11 02 0d 2c 00 50 00 00 00 00 00 00 00 00 00 00 00 00 00 00 
[  34333ms] VID_046D&PID_C548&MI_02&Col02 len=20: 11 02 0d 3c 00 50 00 00 00 03 00 00 00 00 00 00 00 00 00 00 
[  34348ms] VID_046D&PID_C548&MI_02&Col02 len=20: 11 02 0d 2c 00 51 00 00 00 00 00 00 00 00 00 00 00 00 00 00 
[  34371ms] VID_046D&PID_C548&MI_02&Col02 len=20: 11 02 0d 3c 00 51 00 00 00 03 00 00 00 00 00 00 00 00 00 00 
[  34386ms] VID_046D&PID_C548&MI_02&Col02 len=20: 11 02 14 3c 00 03 e8 00 00 00 00 00 00 00 00 00 00 00 00 00 
[  34400ms] VID_046D&PID_C548&MI_02&Col02 len=20: 11 02 0f 0c 13 08 03 00 00 00 00 00 00 00 00 00 00 00 00 00 
[  34424ms] VID_046D&PID_C548&MI_02&Col02 len=20: 11 02 0f 1c 00 01 05 01 05 18 00 00 00 00 00 00 00 00 00 00 
[  34445ms] VID_046D&PID_C548&MI_02&Col02 len=20: 11 02 0f 1c 00 01 05 01 05 18 00 00 00 00 00 00 00 00 00 00 
[  34469ms] VID_046D&PID_C548&MI_02&Col02 len=20: 11 02 0f 3c 00 00 55 4c 54 52 41 00 00 00 00 00 00 00 00 00 
[  34491ms] VID_046D&PID_C548&MI_02&Col02 len=20: 11 02 0f 7c 00 01 0b 00 00 66 58 00 00 00 00 00 00 00 00 00 
[  34514ms] VID_046D&PID_C548&MI_02&Col02 len=20: 11 02 0f 1c 01 00 00 00 00 18 00 00 00 00 00 00 00 00 00 00 
[  34536ms] VID_046D&PID_C548&MI_02&Col02 len=20: 11 02 0f 1c 01 00 00 00 00 18 00 00 00 00 00 00 00 00 00 00 
[  34559ms] VID_046D&PID_C548&MI_02&Col02 len=20: 11 02 ff 0f 7c 04 00 00 00 00 00 00 00 00 00 00 00 00 00 00 
[  34581ms] VID_046D&PID_C548&MI_02&Col02 len=20: 11 02 0f 1c 02 00 00 00 00 18 00 00 00 00 00 00 00 00 00 00 
[  34604ms] VID_046D&PID_C548&MI_02&Col02 len=20: 11 02 0f 1c 02 00 00 00 00 18 00 00 00 00 00 00 00 00 00 00 
[  34625ms] VID_046D&PID_C548&MI_02&Col02 len=20: 11 02 ff 0f 7c 04 00 00 00 00 00 00 00 00 00 00 00 00 00 00 
[  34648ms] VID_046D&PID_C548&MI_02&Col02 len=20: 11 02 0f 8c 00 00 00 00 00 00 00 00 00 00 00 00 00 00 00 00 
[  34671ms] VID_046D&PID_C548&MI_02&Col02 len=20: 11 02 0f 0c 13 08 03 00 00 00 00 00 00 00 00 00 00 00 00 00 
[  34694ms] VID_046D&PID_C548&MI_02&Col02 len=20: 11 02 0f 1c 00 01 05 01 05 18 00 00 00 00 00 00 00 00 00 00 
[  34715ms] VID_046D&PID_C548&MI_02&Col02 len=20: 11 02 0f 7c 00 01 0b 00 00 66 58 00 00 00 00 00 00 00 00 00 
[  34739ms] VID_046D&PID_C548&MI_02&Col02 len=20: 11 02 0f 1c 01 00 00 00 00 18 00 00 00 00 00 00 00 00 00 00 
[  34760ms] VID_046D&PID_C548&MI_02&Col02 len=20: 11 02 ff 0f 7c 04 00 00 00 00 00 00 00 00 00 00 00 00 00 00 
[  34784ms] VID_046D&PID_C548&MI_02&Col02 len=20: 11 02 0f 1c 02 00 00 00 00 18 00 00 00 00 00 00 00 00 00 00 
[  34806ms] VID_046D&PID_C548&MI_02&Col02 len=20: 11 02 ff 0f 7c 04 00 00 00 00 00 00 00 00 00 00 00 00 00 00 
[  34835ms] VID_046D&PID_C548&MI_02&Col02 len=20: 11 02 09 1c 1e 02 00 00 00 00 00 00 00 00 00 00 00 00 00 00 
[  34858ms] VID_046D&PID_C548&MI_02&Col02 len=20: 11 02 0e 0c 03 00 00 00 00 00 00 00 00 00 00 00 00 00 00 00 
[  34873ms] VID_046D&PID_C548&MI_02&Col02 len=20: 11 02 09 1c 1e 02 00 00 00 00 00 00 00 00 00 00 00 00 00 00 
[  34889ms] VID_046D&PID_C548&MI_02&Col02 len=20: 11 02 09 1c 1e 02 00 00 00 00 00 00 00 00 00 00 00 00 00 00 
[  35218ms] VID_046D&PID_C548&MI_02&Col02 len=20: 11 02 0c 3c 00 15 a3 00 00 00 00 00 00 00 00 00 00 00 00 00 
[  35240ms] VID_046D&PID_C548&MI_02&Col02 len=20: 11 02 0d 3c 00 53 23 00 53 0b 00 00 00 00 00 00 00 00 00 00 
[  35264ms] VID_046D&PID_C548&MI_02&Col02 len=20: 11 02 0b 2c 01 3c 00 00 00 00 00 00 00 00 00 00 00 00 00 00 
[  35285ms] VID_046D&PID_C548&MI_02&Col02 len=20: 11 02 0d 3c 00 56 23 00 56 0b 00 00 00 00 00 00 00 00 00 00 
[  35308ms] VID_046D&PID_C548&MI_02&Col02 len=20: 11 02 12 2c 00 00 00 00 00 00 00 00 00 00 00 00 00 00 00 00 
[  35331ms] VID_046D&PID_C548&MI_02&Col02 len=20: 11 02 0d 3c 00 c3 33 00 c3 0b 00 00 00 00 00 00 00 00 00 00 
[  35354ms] VID_046D&PID_C548&MI_02&Col02 len=20: 11 02 0d 3c 00 c4 23 00 c4 0b 00 00 00 00 00 00 00 00 00 00 
[  35376ms] VID_046D&PID_C548&MI_02&Col02 len=20: 11 02 0d 3c 01 a0 23 01 a0 0b 00 00 00 00 00 00 00 00 00 00 
[  35391ms] VID_046D&PID_C548&MI_02&Col02 len=20: 11 02 0d 2c 00 50 00 00 00 01 00 00 00 00 00 00 00 00 00 00 
[  35406ms] VID_046D&PID_C548&MI_02&Col02 len=20: 11 02 0d 3c 00 50 00 00 00 03 00 00 00 00 00 00 00 00 00 00 
[  35429ms] VID_046D&PID_C548&MI_02&Col02 len=20: 11 02 0d 2c 00 51 00 00 00 01 00 00 00 00 00 00 00 00 00 00 
[  35444ms] VID_046D&PID_C548&MI_02&Col02 len=20: 11 02 0d 3c 00 51 00 00 00 03 00 00 00 00 00 00 00 00 00 00 
[  35458ms] VID_046D&PID_C548&MI_02&Col02 len=20: 11 02 11 0c 01 0a 4b 0e 00 00 00 00 00 00 00 00 00 00 00 00 
[  35481ms] VID_046D&PID_C548&MI_02&Col02 len=20: 11 02 0d 2c 00 50 00 00 00 01 00 00 00 00 00 00 00 00 00 00 
[  35495ms] VID_046D&PID_C548&MI_02&Col02 len=20: 11 02 11 1c 02 0c 4b 00 00 00 00 00 00 00 00 00 00 00 00 00 
[  35511ms] VID_046D&PID_C548&MI_02&Col02 len=20: 11 02 0d 3c 00 50 00 00 00 03 00 00 00 00 00 00 00 00 00 00 
[  35526ms] VID_046D&PID_C548&MI_02&Col02 len=20: 11 02 11 0c 01 0a 4b 0e 00 00 00 00 00 00 00 00 00 00 00 00 
[  35541ms] VID_046D&PID_C548&MI_02&Col02 len=20: 11 02 0d 2c 00 51 00 00 00 01 00 00 00 00 00 00 00 00 00 00 
[  35563ms] VID_046D&PID_C548&MI_02&Col02 len=20: 11 02 11 1c 02 0c 4b 00 00 00 00 00 00 00 00 00 00 00 00 00 
[  35579ms] VID_046D&PID_C548&MI_02&Col02 len=20: 11 02 0d 3c 00 51 00 00 00 03 00 00 00 00 00 00 00 00 00 00 
[  35594ms] VID_046D&PID_C548&MI_02&Col02 len=20: 11 02 13 1c 00 00 00 00 00 00 00 00 00 00 00 00 00 00 00 00 
[  35616ms] VID_046D&PID_C548&MI_02&Col02 len=20: 11 02 0d 2c 00 50 00 00 00 01 00 00 00 00 00 00 00 00 00 00 
[  35639ms] VID_046D&PID_C548&MI_02&Col02 len=20: 11 02 13 2c 00 00 00 00 00 00 00 00 00 00 00 00 00 00 00 00 
[  35660ms] VID_046D&PID_C548&MI_02&Col02 len=20: 11 02 0d 3c 00 50 00 00 00 03 00 00 00 00 00 00 00 00 00 00 
[  35683ms] VID_046D&PID_C548&MI_02&Col02 len=20: 11 02 13 1c 01 00 00 00 00 00 00 00 00 00 00 00 00 00 00 00 
[  35705ms] VID_046D&PID_C548&MI_02&Col02 len=20: 11 02 0d 2c 00 51 00 00 00 01 00 00 00 00 00 00 00 00 00 00 
[  35729ms] VID_046D&PID_C548&MI_02&Col02 len=20: 11 02 13 1c 01 00 00 00 00 00 00 00 00 00 00 00 00 00 00 00 
[  35744ms] VID_046D&PID_C548&MI_02&Col02 len=20: 11 02 0d 3c 00 51 00 00 00 03 00 00 00 00 00 00 00 00 00 00 
[  35758ms] VID_046D&PID_C548&MI_02&Col02 len=20: 11 02 0c 3c 00 15 a3 00 00 00 00 00 00 00 00 00 00 00 00 00 
[  35781ms] VID_046D&PID_C548&MI_02&Col02 len=20: 11 02 0d 2c 00 50 00 00 00 01 00 00 00 00 00 00 00 00 00 00 
[  35804ms] VID_046D&PID_C548&MI_02&Col02 len=20: 11 02 0b 2c 01 3c 00 00 00 00 00 00 00 00 00 00 00 00 00 00 
[  35826ms] VID_046D&PID_C548&MI_02&Col02 len=20: 11 02 0d 3c 00 50 00 00 00 03 00 00 00 00 00 00 00 00 00 00 
[  35849ms] VID_046D&PID_C548&MI_02&Col02 len=20: 11 02 12 2c 00 00 00 00 00 00 00 00 00 00 00 00 00 00 00 00 
[  35864ms] VID_046D&PID_C548&MI_02&Col02 len=20: 11 02 0d 2c 00 51 00 00 00 01 00 00 00 00 00 00 00 00 00 00 
[  35878ms] VID_046D&PID_C548&MI_02&Col02 len=20: 11 02 0d 3c 00 51 00 00 00 03 00 00 00 00 00 00 00 00 00 00 
[  35901ms] VID_046D&PID_C548&MI_02&Col02 len=20: 11 02 11 0c 01 0a 4b 0e 00 00 00 00 00 00 00 00 00 00 00 00 
[  35923ms] VID_046D&PID_C548&MI_02&Col02 len=20: 11 02 11 1c 02 0c 4b 00 00 00 00 00 00 00 00 00 00 00 00 00 
[  35946ms] VID_046D&PID_C548&MI_02&Col02 len=20: 11 02 11 0c 01 0a 4b 0e 00 00 00 00 00 00 00 00 00 00 00 00 
[  35969ms] VID_046D&PID_C548&MI_02&Col02 len=20: 11 02 11 1c 02 0c 4b 00 00 00 00 00 00 00 00 00 00 00 00 00 
[  35991ms] VID_046D&PID_C548&MI_02&Col02 len=20: 11 02 13 1c 01 00 00 00 00 00 00 00 00 00 00 00 00 00 00 00 
[  36013ms] VID_046D&PID_C548&MI_02&Col02 len=20: 11 02 13 2c 00 00 00 00 00 00 00 00 00 00 00 00 00 00 00 00 
[  36029ms] VID_046D&PID_C548&MI_02&Col02 len=20: 11 02 13 1c 01 00 00 00 00 00 00 00 00 00 00 00 00 00 00 00 
[  36044ms] VID_046D&PID_C548&MI_02&Col02 len=20: 11 02 13 1c 01 00 00 00 00 00 00 00 00 00 00 00 00 00 00 00 
[  36066ms] VID_046D&PID_C548&MI_02&Col02 len=20: 11 02 0c 3c 00 15 a3 00 00 00 00 00 00 00 00 00 00 00 00 00 
[  36089ms] VID_046D&PID_C548&MI_02&Col02 len=20: 11 02 0b 2c 01 3c 00 00 00 00 00 00 00 00 00 00 00 00 00 00 
[  36111ms] VID_046D&PID_C548&MI_02&Col02 len=20: 11 02 12 2c 00 00 00 00 00 00 00 00 00 00 00 00 00 00 00 00 
[  36134ms] VID_046D&PID_C548&MI_02&Col02 len=20: 11 02 11 0c 01 0a 4b 0e 00 00 00 00 00 00 00 00 00 00 00 00 
[  36149ms] VID_046D&PID_C548&MI_02&Col02 len=20: 11 02 11 1c 02 0c 4b 00 00 00 00 00 00 00 00 00 00 00 00 00 
[  36163ms] VID_046D&PID_C548&MI_02&Col02 len=20: 11 02 11 0c 01 0a 4b 0e 00 00 00 00 00 00 00 00 00 00 00 00 
[  36185ms] VID_046D&PID_C548&MI_02&Col02 len=20: 11 02 11 1c 02 0c 4b 00 00 00 00 00 00 00 00 00 00 00 00 00 
[  36208ms] VID_046D&PID_C548&MI_02&Col02 len=20: 11 02 13 1c 01 00 00 00 00 00 00 00 00 00 00 00 00 00 00 00 
[  36231ms] VID_046D&PID_C548&MI_02&Col02 len=20: 11 02 13 2c 00 00 00 00 00 00 00 00 00 00 00 00 00 00 00 00 
[  36253ms] VID_046D&PID_C548&MI_02&Col02 len=20: 11 02 13 1c 01 00 00 00 00 00 00 00 00 00 00 00 00 00 00 00 
[  36276ms] VID_046D&PID_C548&MI_02&Col02 len=20: 11 02 13 1c 01 00 00 00 00 00 00 00 00 00 00 00 00 00 00 00 
[  36298ms] VID_046D&PID_C548&MI_02&Col02 len=20: 11 02 0c 3c 00 15 a3 00 00 00 00 00 00 00 00 00 00 00 00 00 
[  36320ms] VID_046D&PID_C548&MI_02&Col02 len=20: 11 02 0b 2c 01 3c 00 00 00 00 00 00 00 00 00 00 00 00 00 00 
[  36343ms] VID_046D&PID_C548&MI_02&Col02 len=20: 11 02 12 2c 00 00 00 00 00 00 00 00 00 00 00 00 00 00 00 00 
[  36365ms] VID_046D&PID_C548&MI_02&Col02 len=20: 11 02 11 0c 01 0a 4b 0e 00 00 00 00 00 00 00 00 00 00 00 00 
[  36388ms] VID_046D&PID_C548&MI_02&Col02 len=20: 11 02 11 1c 02 0c 4b 00 00 00 00 00 00 00 00 00 00 00 00 00 
[  36410ms] VID_046D&PID_C548&MI_02&Col02 len=20: 11 02 11 0c 01 0a 4b 0e 00 00 00 00 00 00 00 00 00 00 00 00 
[  36433ms] VID_046D&PID_C548&MI_02&Col02 len=20: 11 02 11 1c 02 0c 4b 00 00 00 00 00 00 00 00 00 00 00 00 00 
[  36448ms] VID_046D&PID_C548&MI_02&Col02 len=20: 11 02 13 1c 01 00 00 00 00 00 00 00 00 00 00 00 00 00 00 00 
[  36463ms] VID_046D&PID_C548&MI_02&Col02 len=20: 11 02 13 2c 00 00 00 00 00 00 00 00 00 00 00 00 00 00 00 00 
[  36486ms] VID_046D&PID_C548&MI_02&Col02 len=20: 11 02 13 1c 01 00 00 00 00 00 00 00 00 00 00 00 00 00 00 00 
[  36500ms] VID_046D&PID_C548&MI_02&Col02 len=20: 11 02 13 1c 01 00 00 00 00 00 00 00 00 00 00 00 00 00 00 00 
[  37055ms] VID_046D&PID_C548&MI_02&Col02 len=20: 11 02 13 00 00 00 00 00 00 02 00 00 00 00 00 00 00 00 00 00 
[  37176ms] VID_046D&PID_C548&MI_02&Col02 len=20: 11 02 13 00 00 00 00 00 00 00 00 00 00 00 00 00 00 00 00 00 
[  41196ms] VID_046D&PID_C548&MI_02&Col02 len=20: 11 02 13 00 00 00 00 00 00 00 00 00 00 00 00 00 00 00 00 00 
[  41204ms] VID_046D&PID_C548&MI_02&Col02 len=20: 11 02 13 00 00 00 00 00 00 02 00 00 00 00 00 00 00 00 00 00 
[  41248ms] VID_046D&PID_C548&MI_02&Col02 len=20: 11 02 13 00 00 00 00 00 00 00 00 00 00 00 00 00 00 00 00 00 
[  42854ms] VID_046D&PID_C548&MI_02&Col02 len=20: 11 02 0d 20 00 50 01 00 00 00 00 00 00 00 00 00 00 00 00 00 
[  42929ms] VID_046D&PID_C548&MI_02&Col02 len=20: 11 02 0d 20 00 50 00 00 00 00 00 00 00 00 00 00 00 00 00 00 
[  43454ms] VID_046D&PID_C548&MI_02&Col02 len=20: 11 02 0d 20 00 50 01 00 00 00 00 00 00 00 00 00 00 00 00 00 
[  43596ms] VID_046D&PID_C548&MI_02&Col02 len=20: 11 02 0d 20 00 50 00 00 00 00 00 00 00 00 00 00 00 00 00 00 
[  43971ms] VID_046D&PID_C548&MI_02&Col02 len=20: 11 02 0d 20 00 50 01 00 00 00 00 00 00 00 00 00 00 00 00 00 
[  44061ms] VID_046D&PID_C548&MI_02&Col02 len=20: 11 02 0d 20 00 50 00 00 00 00 00 00 00 00 00 00 00 00 00 00 
[  44594ms] VID_046D&PID_C548&MI_02&Col02 len=20: 11 02 0d 20 00 50 01 00 00 00 00 00 00 00 00 00 00 00 00 00 
[  44684ms] VID_046D&PID_C548&MI_02&Col02 len=20: 11 02 0d 20 00 50 00 00 00 00 00 00 00 00 00 00 00 00 00 00 
[  45688ms] VID_046D&PID_C548&MI_02&Col02 len=20: 11 02 0d 20 00 50 01 00 00 00 00 00 00 00 00 00 00 00 00 00 
[  45756ms] VID_046D&PID_C548&MI_02&Col02 len=20: 11 02 0d 20 00 50 00 00 00 00 00 00 00 00 00 00 00 00 00 00 
[  46311ms] VID_046D&PID_C548&MI_02&Col02 len=20: 11 02 0d 20 00 50 01 00 00 00 00 00 00 00 00 00 00 00 00 00 
[  46409ms] VID_046D&PID_C548&MI_02&Col02 len=20: 11 02 0d 20 00 50 00 00 00 00 00 00 00 00 00 00 00 00 00 00 
[  46656ms] VID_046D&PID_C548&MI_02&Col02 len=20: 11 02 0d 20 00 50 01 00 00 00 00 00 00 00 00 00 00 00 00 00 
[  46761ms] VID_046D&PID_C548&MI_02&Col02 len=20: 11 02 0d 20 00 50 00 00 00 00 00 00 00 00 00 00 00 00 00 00 
[  52514ms] VID_046D&PID_C548&MI_02&Col02 len=20: 11 02 0d 20 00 50 01 00 00 00 00 00 00 00 00 00 00 00 00 00 
[  52595ms] VID_046D&PID_C548&MI_02&Col02 len=20: 11 02 0d 20 00 50 00 00 00 00 00 00 00 00 00 00 00 00 00 00 
[  53593ms] VID_046D&PID_C548&MI_02&Col02 len=20: 11 02 0d 20 00 50 01 00 00 00 00 00 00 00 00 00 00 00 00 00 
[  53699ms] VID_046D&PID_C548&MI_02&Col02 len=20: 11 02 0d 20 00 50 00 00 00 00 00 00 00 00 00 00 00 00 00 00 
[  54959ms] VID_046D&PID_C548&MI_02&Col02 len=20: 11 02 0d 20 00 50 01 00 00 00 00 00 00 00 00 00 00 00 00 00 
[  55018ms] VID_046D&PID_C548&MI_02&Col02 len=20: 11 02 0d 20 00 50 00 00 00 00 00 00 00 00 00 00 00 00 00 00 
[  56910ms] VID_046D&PID_C548&MI_02&Col02 len=20: 11 02 0d 20 00 50 01 00 00 00 00 00 00 00 00 00 00 00 00 00 
[  56976ms] VID_046D&PID_C548&MI_02&Col02 len=20: 11 02 0d 20 00 50 00 00 00 00 00 00 00 00 00 00 00 00 00 00 
[  57170ms] VID_046D&PID_C548&MI_02&Col02 len=20: 11 02 0d 20 00 50 01 00 00 00 00 00 00 00 00 00 00 00 00 00 
[  57284ms] VID_046D&PID_C548&MI_02&Col02 len=20: 11 02 0d 20 00 50 00 00 00 00 00 00 00 00 00 00 00 00 00 00 
[  59107ms] VID_046D&PID_C548&MI_02&Col02 len=20: 11 02 0d 20 00 50 01 00 00 00 00 00 00 00 00 00 00 00 00 00 
[  59182ms] VID_046D&PID_C548&MI_02&Col02 len=20: 11 02 0d 20 00 50 00 00 00 00 00 00 00 00 00 00 00 00 00 00 
[  63786ms] VID_046D&PID_C548&MI_02&Col02 len=20: 11 02 0d 20 00 50 01 00 00 00 00 00 00 00 00 00 00 00 00 00 
[  63892ms] VID_046D&PID_C548&MI_02&Col02 len=20: 11 02 0d 20 00 50 00 00 00 00 00 00 00 00 00 00 00 00 00 00 
[  66336ms] VID_046D&PID_C548&MI_02&Col02 len=20: 11 02 0d 20 00 50 01 00 00 00 00 00 00 00 00 00 00 00 00 00 
[  66426ms] VID_046D&PID_C548&MI_02&Col02 len=20: 11 02 0d 20 00 50 00 00 00 00 00 00 00 00 00 00 00 00 00 00 
[  67327ms] VID_046D&PID_C548&MI_02&Col02 len=20: 11 02 0d 20 00 50 01 00 00 00 00 00 00 00 00 00 00 00 00 00 
[  67372ms] VID_046D&PID_C548&MI_02&Col02 len=20: 11 02 0d 20 00 50 00 00 00 00 00 00 00 00 00 00 00 00 00 00 
[  67507ms] VID_046D&PID_C548&MI_02&Col02 len=20: 11 02 0d 20 00 50 01 00 00 00 00 00 00 00 00 00 00 00 00 00 
[  67567ms] VID_046D&PID_C548&MI_02&Col02 len=20: 11 02 0d 20 00 50 00 00 00 00 00 00 00 00 00 00 00 00 00 00 
[  67836ms] VID_046D&PID_C548&MI_02&Col02 len=20: 11 02 0d 20 00 50 01 00 00 00 00 00 00 00 00 00 00 00 00 00 
[  67927ms] VID_046D&PID_C548&MI_02&Col02 len=20: 11 02 0d 20 00 50 00 00 00 00 00 00 00 00 00 00 00 00 00 00 
[  70604ms] VID_046D&PID_C548&MI_02&Col02 len=20: 11 02 0d 20 00 50 01 00 00 00 00 00 00 00 00 00 00 00 00 00 
[  70687ms] VID_046D&PID_C548&MI_02&Col02 len=20: 11 02 0d 20 00 50 00 00 00 00 00 00 00 00 00 00 00 00 00 00 
[  72104ms] VID_046D&PID_C548&MI_02&Col02 len=20: 11 02 0d 20 00 50 01 00 00 00 00 00 00 00 00 00 00 00 00 00 
[  72217ms] VID_046D&PID_C548&MI_02&Col02 len=20: 11 02 0d 20 00 50 00 00 00 00 00 00 00 00 00 00 00 00 00 00 
[  73297ms] VID_046D&PID_C548&MI_02&Col02 len=20: 11 02 0d 20 00 50 01 00 00 00 00 00 00 00 00 00 00 00 00 00 
[  73394ms] VID_046D&PID_C548&MI_02&Col02 len=20: 11 02 0d 20 00 50 00 00 00 00 00 00 00 00 00 00 00 00 00 00 
raw-input tap closed
