raw-input tap live for 90 s — pages 0x0D digitizer, 0x0E haptics, 0xFF00/0xFF43 vendor
device hdev=10077: \\?\HID#VID_046D&PID_C548&MI_02&Col02#8&1ce49569&0&0001#{4d1e55b2-f16f-11cf-88cb-001111000030}
[    490ms] VID_046D&PID_C548&MI_02&Col02 len=20: 11 02 0d 20 00 50 01 00 00 00 00 00 00 00 00 00 00 00 00 00 
[    551ms] VID_046D&PID_C548&MI_02&Col02 len=20: 11 02 0d 20 00 50 00 00 00 00 00 00 00 00 00 00 00 00 00 00 
[   1819ms] VID_046D&PID_C548&MI_02&Col02 len=20: 11 02 0d 20 00 50 01 00 00 00 00 00 00 00 00 00 00 00 00 00 
[   1939ms] VID_046D&PID_C548&MI_02&Col02 len=20: 11 02 0d 20 00 50 00 00 00 00 00 00 00 00 00 00 00 00 00 00 
[   2464ms] VID_046D&PID_C548&MI_02&Col02 len=20: 11 02 0d 20 00 50 01 00 00 00 00 00 00 00 00 00 00 00 00 00 
[   2524ms] VID_046D&PID_C548&MI_02&Col02 len=20: 11 02 0d 20 00 50 00 00 00 00 00 00 00 00 00 00 00 00 00 00 
[   3101ms] VID_046D&PID_C548&MI_02&Col02 len=20: 11 02 0d 20 00 50 01 00 00 00 00 00 00 00 00 00 00 00 00 00 
[   3184ms] VID_046D&PID_C548&MI_02&Col02 len=20: 11 02 0d 20 00 50 00 00 00 00 00 00 00 00 00 00 00 00 00 00 
[   3986ms] VID_046D&PID_C548&MI_02&Col02 len=20: 11 02 0d 20 00 50 01 00 00 00 00 00 00 00 00 00 00 00 00 00 
[   4106ms] VID_046D&PID_C548&MI_02&Col02 len=20: 11 02 0d 20 00 50 00 00 00 00 00 00 00 00 00 00 00 00 00 00 
[   5645ms] VID_046D&PID_C548&MI_02&Col02 len=20: 11 02 0d 20 00 50 01 00 00 00 00 00 00 00 00 00 00 00 00 00 
[   5726ms] VID_046D&PID_C548&MI_02&Col02 len=20: 11 02 0d 20 00 50 00 00 00 00 00 00 00 00 00 00 00 00 00 00 
[   7205ms] VID_046D&PID_C548&MI_02&Col02 len=20: 11 02 0d 20 00 50 01 00 00 00 00 00 00 00 00 00 00 00 00 00 
[   7280ms] VID_046D&PID_C548&MI_02&Col02 len=20: 11 02 0d 20 00 50 00 00 00 00 00 00 00 00 00 00 00 00 00 00 
[   8179ms] VID_046D&PID_C548&MI_02&Col02 len=20: 11 02 0d 20 00 50 01 00 00 00 00 00 00 00 00 00 00 00 00 00 
[   8262ms] VID_046D&PID_C548&MI_02&Col02 len=20: 11 02 0d 20 00 50 00 00 00 00 00 00 00 00 00 00 00 00 00 00 
[   8697ms] VID_046D&PID_C548&MI_02&Col02 len=20: 11 02 0d 20 00 50 01 00 00 00 00 00 00 00 00 00 00 00 00 00 
[   8787ms] VID_046D&PID_C548&MI_02&Col02 len=20: 11 02 0d 20 00 50 00 00 00 00 00 00 00 00 00 00 00 00 00 00 
[  10197ms] VID_046D&PID_C548&MI_02&Col02 len=20: 11 02 0d 20 00 50 01 00 00 00 00 00 00 00 00 00 00 00 00 00 
[  10302ms] VID_046D&PID_C548&MI_02&Col02 len=20: 11 02 0d 20 00 50 00 00 00 00 00 00 00 00 00 00 00 00 00 00 
[  11082ms] VID_046D&PID_C548&MI_02&Col02 len=20: 11 02 0d 20 00 50 01 00 00 00 00 00 00 00 00 00 00 00 00 00 
[  11157ms] VID_046D&PID_C548&MI_02&Col02 len=20: 11 02 0d 20 00 50 00 00 00 00 00 00 00 00 00 00 00 00 00 00 
[  11884ms] VID_046D&PID_C548&MI_02&Col02 len=20: 11 02 0d 20 00 50 01 00 00 00 00 00 00 00 00 00 00 00 00 00 
[  11982ms] VID_046D&PID_C548&MI_02&Col02 len=20: 11 02 0d 20 00 50 00 00 00 00 00 00 00 00 00 00 00 00 00 00 
[  12454ms] VID_046D&PID_C548&MI_02&Col02 len=20: 11 02 0d 20 00 50 01 00 00 00 00 00 00 00 00 00 00 00 00 00 
[  12544ms] VID_046D&PID_C548&MI_02&Col02 len=20: 11 02 0d 20 00 50 00 00 00 00 00 00 00 00 00 00 00 00 00 00 
[  13602ms] VID_046D&PID_C548&MI_02&Col02 len=20: 11 02 0d 20 00 50 01 00 00 00 00 00 00 00 00 00 00 00 00 00 
[  13722ms] VID_046D&PID_C548&MI_02&Col02 len=20: 11 02 0d 20 00 50 00 00 00 00 00 00 00 00 00 00 00 00 00 00 
[  16160ms] VID_046D&PID_C548&MI_02&Col02 len=20: 11 02 0d 20 00 50 01 00 00 00 00 00 00 00 00 00 00 00 00 00 
[  16272ms] VID_046D&PID_C548&MI_02&Col02 len=20: 11 02 0d 20 00 50 00 00 00 00 00 00 00 00 00 00 00 00 00 00 
[  17637ms] VID_046D&PID_C548&MI_02&Col02 len=20: 11 02 0d 20 00 50 01 00 00 00 00 00 00 00 00 00 00 00 00 00 
[  17697ms] VID_046D&PID_C548&MI_02&Col02 len=20: 11 02 0d 20 00 50 00 00 00 00 00 00 00 00 00 00 00 00 00 00 
[  21477ms] VID_046D&PID_C548&MI_02&Col02 len=20: 11 02 0d 20 00 50 01 00 00 00 00 00 00 00 00 00 00 00 00 00 
[  21545ms] VID_046D&PID_C548&MI_02&Col02 len=20: 11 02 0d 20 00 50 00 00 00 00 00 00 00 00 00 00 00 00 00 00 
[  26697ms] VID_046D&PID_C548&MI_02&Col02 len=20: 11 02 0d 20 00 50 01 00 00 00 00 00 00 00 00 00 00 00 00 00 
[  26795ms] VID_046D&PID_C548&MI_02&Col02 len=20: 11 02 0d 20 00 50 00 00 00 00 00 00 00 00 00 00 00 00 00 00 
[  28040ms] VID_046D&PID_C548&MI_02&Col02 len=20: 11 02 0d 20 00 50 01 00 00 00 00 00 00 00 00 00 00 00 00 00 
[  28145ms] VID_046D&PID_C548&MI_02&Col02 len=20: 11 02 0d 20 00 50 00 00 00 00 00 00 00 00 00 00 00 00 00 00 
[  29292ms] VID_046D&PID_C548&MI_02&Col02 len=20: 11 02 0d 20 00 50 01 00 00 00 00 00 00 00 00 00 00 00 00 00 
[  29337ms] VID_046D&PID_C548&MI_02&Col02 len=20: 11 02 0d 20 00 50 00 00 00 00 00 00 00 00 00 00 00 00 00 00 
[  29435ms] VID_046D&PID_C548&MI_02&Col02 len=20: 11 02 0d 20 00 50 01 00 00 00 00 00 00 00 00 00 00 00 00 00 
[  29480ms] VID_046D&PID_C548&MI_02&Col02 len=20: 11 02 0d 20 00 50 00 00 00 00 00 00 00 00 00 00 00 00 00 00 
[  29570ms] VID_046D&PID_C548&MI_02&Col02 len=20: 11 02 0d 20 00 50 01 00 00 00 00 00 00 00 00 00 00 00 00 00 
[  29637ms] VID_046D&PID_C548&MI_02&Col02 len=20: 11 02 0d 20 00 50 00 00 00 00 00 00 00 00 00 00 00 00 00 00 
[  29907ms] VID_046D&PID_C548&MI_02&Col02 len=20: 11 02 0d 20 00 50 01 00 00 00 00 00 00 00 00 00 00 00 00 00 
[  29990ms] VID_046D&PID_C548&MI_02&Col02 len=20: 11 02 0d 20 00 50 00 00 00 00 00 00 00 00 00 00 00 00 00 00 
[  30305ms] VID_046D&PID_C548&MI_02&Col02 len=20: 11 02 0d 20 00 50 01 00 00 00 00 00 00 00 00 00 00 00 00 00 
[  30725ms] VID_046D&PID_C548&MI_02&Col02 len=20: 11 02 0d 20 00 50 00 00 00 00 00 00 00 00 00 00 00 00 00 00 
[  30867ms] VID_046D&PID_C548&MI_02&Col02 len=20: 11 02 0d 20 00 50 01 00 00 00 00 00 00 00 00 00 00 00 00 00 
[  30920ms] VID_046D&PID_C548&MI_02&Col02 len=20: 11 02 0d 20 00 50 00 00 00 00 00 00 00 00 00 00 00 00 00 00 
[  31235ms] VID_046D&PID_C548&MI_02&Col02 len=20: 11 02 0d 20 00 50 01 00 00 00 00 00 00 00 00 00 00 00 00 00 
[  31715ms] VID_046D&PID_C548&MI_02&Col02 len=20: 11 02 0d 20 00 50 00 00 00 00 00 00 00 00 00 00 00 00 00 00 
[  31850ms] VID_046D&PID_C548&MI_02&Col02 len=20: 11 02 0d 20 00 50 01 00 00 00 00 00 00 00 00 00 00 00 00 00 
[  31917ms] VID_046D&PID_C548&MI_02&Col02 len=20: 11 02 0d 20 00 50 00 00 00 00 00 00 00 00 00 00 00 00 00 00 
[  32360ms] VID_046D&PID_C548&MI_02&Col02 len=20: 11 02 0d 20 00 50 01 00 00 00 00 00 00 00 00 00 00 00 00 00 
[  32772ms] VID_046D&PID_C548&MI_02&Col02 len=20: 11 02 0d 20 00 50 00 00 00 00 00 00 00 00 00 00 00 00 00 00 
[  32892ms] VID_046D&PID_C548&MI_02&Col02 len=20: 11 02 0d 20 00 50 01 00 00 00 00 00 00 00 00 00 00 00 00 00 
[  32975ms] VID_046D&PID_C548&MI_02&Col02 len=20: 11 02 0d 20 00 50 00 00 00 00 00 00 00 00 00 00 00 00 00 00 
[  33297ms] VID_046D&PID_C548&MI_02&Col02 len=20: 11 02 0d 20 00 50 01 00 00 00 00 00 00 00 00 00 00 00 00 00 
[  33642ms] VID_046D&PID_C548&MI_02&Col02 len=20: 11 02 0d 20 00 50 00 00 00 00 00 00 00 00 00 00 00 00 00 00 
[  33785ms] VID_046D&PID_C548&MI_02&Col02 len=20: 11 02 0d 20 00 50 01 00 00 00 00 00 00 00 00 00 00 00 00 00 
[  33912ms] VID_046D&PID_C548&MI_02&Col02 len=20: 11 02 0d 20 00 50 00 00 00 00 00 00 00 00 00 00 00 00 00 00 
[  34287ms] VID_046D&PID_C548&MI_02&Col02 len=20: 11 02 0d 20 00 50 01 00 00 00 00 00 00 00 00 00 00 00 00 00 
[  34550ms] VID_046D&PID_C548&MI_02&Col02 len=20: 11 02 0d 20 00 50 00 00 00 00 00 00 00 00 00 00 00 00 00 00 
[  34662ms] VID_046D&PID_C548&MI_02&Col02 len=20: 11 02 0d 20 00 50 01 00 00 00 00 00 00 00 00 00 00 00 00 00 
[  34730ms] VID_046D&PID_C548&MI_02&Col02 len=20: 11 02 0d 20 00 50 00 00 00 00 00 00 00 00 00 00 00 00 00 00 
[  35007ms] VID_046D&PID_C548&MI_02&Col02 len=20: 11 02 0d 20 00 50 01 00 00 00 00 00 00 00 00 00 00 00 00 00 
[  35067ms] VID_046D&PID_C548&MI_02&Col02 len=20: 11 02 0d 20 00 50 00 00 00 00 00 00 00 00 00 00 00 00 00 00 
[  35960ms] VID_046D&PID_C548&MI_02&Col02 len=20: 11 02 0d 20 00 50 01 00 00 00 00 00 00 00 00 00 00 00 00 00 
[  36042ms] VID_046D&PID_C548&MI_02&Col02 len=20: 11 02 0d 20 00 50 00 00 00 00 00 00 00 00 00 00 00 00 00 00 
[  37257ms] VID_046D&PID_C548&MI_02&Col02 len=20: 11 02 0d 20 00 50 01 00 00 00 00 00 00 00 00 00 00 00 00 00 
[  37340ms] VID_046D&PID_C548&MI_02&Col02 len=20: 11 02 0d 20 00 50 00 00 00 00 00 00 00 00 00 00 00 00 00 00 
[  37572ms] VID_046D&PID_C548&MI_02&Col02 len=20: 11 02 0d 20 00 50 01 00 00 00 00 00 00 00 00 00 00 00 00 00 
[  37677ms] VID_046D&PID_C548&MI_02&Col02 len=20: 11 02 0d 20 00 50 00 00 00 00 00 00 00 00 00 00 00 00 00 00 
[  41570ms] VID_046D&PID_C548&MI_02&Col02 len=20: 11 02 0d 20 00 50 01 00 00 00 00 00 00 00 00 00 00 00 00 00 
[  41637ms] VID_046D&PID_C548&MI_02&Col02 len=20: 11 02 0d 20 00 50 00 00 00 00 00 00 00 00 00 00 00 00 00 00 
[  42042ms] VID_046D&PID_C548&MI_02&Col02 len=20: 11 02 0d 20 00 50 01 00 00 00 00 00 00 00 00 00 00 00 00 00 
[  42117ms] VID_046D&PID_C548&MI_02&Col02 len=20: 11 02 0d 20 00 50 00 00 00 00 00 00 00 00 00 00 00 00 00 00 
[  42560ms] VID_046D&PID_C548&MI_02&Col02 len=20: 11 02 0d 20 00 50 01 00 00 00 00 00 00 00 00 00 00 00 00 00 
[  42620ms] VID_046D&PID_C548&MI_02&Col02 len=20: 11 02 0d 20 00 50 00 00 00 00 00 00 00 00 00 00 00 00 00 00 
[  44052ms] VID_046D&PID_C548&MI_02&Col02 len=20: 11 02 0d 20 00 50 01 00 00 00 00 00 00 00 00 00 00 00 00 00 
[  44210ms] VID_046D&PID_C548&MI_02&Col02 len=20: 11 02 0d 20 00 50 00 00 00 00 00 00 00 00 00 00 00 00 00 00 
[  46010ms] VID_046D&PID_C548&MI_02&Col02 len=20: 11 02 0d 20 00 50 01 00 00 00 00 00 00 00 00 00 00 00 00 00 
[  46100ms] VID_046D&PID_C548&MI_02&Col02 len=20: 11 02 0d 20 00 50 00 00 00 00 00 00 00 00 00 00 00 00 00 00 
[  51207ms] VID_046D&PID_C548&MI_02&Col02 len=20: 11 02 0d 20 00 50 01 00 00 00 00 00 00 00 00 00 00 00 00 00 
[  51297ms] VID_046D&PID_C548&MI_02&Col02 len=20: 11 02 0d 20 00 50 00 00 00 00 00 00 00 00 00 00 00 00 00 00 
[  56585ms] VID_046D&PID_C548&MI_02&Col02 len=20: 11 02 0d 20 00 50 01 00 00 00 00 00 00 00 00 00 00 00 00 00 
[  56645ms] VID_046D&PID_C548&MI_02&Col02 len=20: 11 02 0d 20 00 50 00 00 00 00 00 00 00 00 00 00 00 00 00 00 
[  58482ms] VID_046D&PID_C548&MI_02&Col02 len=20: 11 02 0d 20 00 50 01 00 00 00 00 00 00 00 00 00 00 00 00 00 
[  58527ms] VID_046D&PID_C548&MI_02&Col02 len=20: 11 02 0d 20 00 50 00 00 00 00 00 00 00 00 00 00 00 00 00 00 
[  59841ms] VID_046D&PID_C548&MI_02&Col02 len=20: 11 02 0d 20 00 50 01 00 00 00 00 00 00 00 00 00 00 00 00 00 
[  59907ms] VID_046D&PID_C548&MI_02&Col02 len=20: 11 02 0d 20 00 50 00 00 00 00 00 00 00 00 00 00 00 00 00 00 
[  60425ms] VID_046D&PID_C548&MI_02&Col02 len=20: 11 02 0d 20 00 50 01 00 00 00 00 00 00 00 00 00 00 00 00 00 
[  60515ms] VID_046D&PID_C548&MI_02&Col02 len=20: 11 02 0d 20 00 50 00 00 00 00 00 00 00 00 00 00 00 00 00 00 
[  68090ms] VID_046D&PID_C548&MI_02&Col02 len=20: 11 02 0d 20 00 50 01 00 00 00 00 00 00 00 00 00 00 00 00 00 
[  71563ms] VID_046D&PID_C548&MI_02&Col02 len=20: 11 02 0d 20 00 50 00 00 00 00 00 00 00 00 00 00 00 00 00 00 
[  75860ms] VID_046D&PID_C548&MI_02&Col02 len=20: 11 02 0d 20 00 50 01 00 00 00 00 00 00 00 00 00 00 00 00 00 
[  75943ms] VID_046D&PID_C548&MI_02&Col02 len=20: 11 02 0d 20 00 50 00 00 00 00 00 00 00 00 00 00 00 00 00 00 
[  77360ms] VID_046D&PID_C548&MI_02&Col02 len=20: 11 02 0d 20 00 50 01 00 00 00 00 00 00 00 00 00 00 00 00 00 
[  77428ms] VID_046D&PID_C548&MI_02&Col02 len=20: 11 02 0d 20 00 50 00 00 00 00 00 00 00 00 00 00 00 00 00 00 
[  78845ms] VID_046D&PID_C548&MI_02&Col02 len=20: 11 02 0d 20 00 50 01 00 00 00 00 00 00 00 00 00 00 00 00 00 
[  78928ms] VID_046D&PID_C548&MI_02&Col02 len=20: 11 02 0d 20 00 50 00 00 00 00 00 00 00 00 00 00 00 00 00 00 
[  80060ms] VID_046D&PID_C548&MI_02&Col02 len=20: 11 02 0d 20 00 50 01 00 00 00 00 00 00 00 00 00 00 00 00 00 
[  80129ms] VID_046D&PID_C548&MI_02&Col02 len=20: 11 02 0d 20 00 50 00 00 00 00 00 00 00 00 00 00 00 00 00 00 
[  80736ms] VID_046D&PID_C548&MI_02&Col02 len=20: 11 02 0d 20 00 50 01 00 00 00 00 00 00 00 00 00 00 00 00 00 
[  80826ms] VID_046D&PID_C548&MI_02&Col02 len=20: 11 02 0d 20 00 50 00 00 00 00 00 00 00 00 00 00 00 00 00 00 
[  81741ms] VID_046D&PID_C548&MI_02&Col02 len=20: 11 02 0d 20 00 50 01 00 00 00 00 00 00 00 00 00 00 00 00 00 
[  81853ms] VID_046D&PID_C548&MI_02&Col02 len=20: 11 02 0d 20 00 50 00 00 00 00 00 00 00 00 00 00 00 00 00 00 
[  85896ms] VID_046D&PID_C548&MI_02&Col02 len=20: 11 02 0d 20 00 50 01 00 00 00 00 00 00 00 00 00 00 00 00 00 
[  86023ms] VID_046D&PID_C548&MI_02&Col02 len=20: 11 02 0d 20 00 50 00 00 00 00 00 00 00 00 00 00 00 00 00 00 
[  86698ms] VID_046D&PID_C548&MI_02&Col02 len=20: 11 02 0d 20 00 50 01 00 00 00 00 00 00 00 00 00 00 00 00 00 
[  86803ms] VID_046D&PID_C548&MI_02&Col02 len=20: 11 02 0d 20 00 50 00 00 00 00 00 00 00 00 00 00 00 00 00 00 
raw-input tap closed
